<?xml version="1.0" encoding="UTF-8"?>
<COLLADA xmlns="http://www.collada.org/2005/11/COLLADASchema" version="1.4.1">
 <asset>
  <contributor>
   <authoring_tool>SceneKit Collada Exporter v1.0</authoring_tool>
  </contributor>
  <created>2018-04-16T05:34:10Z</created>
  <modified>2018-04-16T05:34:10Z</modified>
  <unit meter="1.000000"/>
  <up_axis>Z_UP</up_axis>
 </asset>
 <library_animations>
  <animation id="unnamed_animation__0" name="unnamed_animation__0">
   <animation id="keyframedAnimations1">
    <source id="genericSource2">
     <float_array id="unnamed_animation__03-array" count="2">0 0.0416666 </float_array>
     <technique_common>
      <accessor source="#unnamed_animation__03-array" count="2" stride="1">
       <param name="TIME" type="float"/>
      </accessor>
     </technique_common>
    </source>
    <source id="genericSource4">
     <float_array id="unnamed_animation__05-array" count="32">1 1.55223e-08 1.46154e-07 0.0154405 1.00586e-07 -0.797334 -0.603538 0.305285 1.07165e-07 0.603538 -0.797334 0.8234 0 0 0 1 1 1.55223e-08 1.46154e-07 0.0154405 1.00586e-07 -0.797334 -0.603538 0.305285 1.07165e-07 0.603538 -0.797334 0.8234 0 0 0 1 </float_array>
     <technique_common>
      <accessor source="#unnamed_animation__05-array" count="2" stride="16">
       <param name="TRANSFORM" type="float4x4"/>
      </accessor>
     </technique_common>
    </source>
    <sampler id="unnamed_animation__06">
     <input semantic="INPUT" source="#genericSource2"/>
     <input semantic="OUTPUT" source="#genericSource4"/>
    </sampler>
    <channel source="#unnamed_animation__06" target="Bone_001/SID_1"/>
   </animation>
   <animation id="keyframedAnimations7">
    <source id="genericSource8">
     <float_array id="unnamed_animation__09-array" count="2">0 0.0416666 </float_array>
     <technique_common>
      <accessor source="#unnamed_animation__09-array" count="2" stride="1">
       <param name="TIME" type="float"/>
      </accessor>
     </technique_common>
    </source>
    <source id="genericSource10">
     <float_array id="unnamed_animation__011-array" count="32">1 -1.06627e-07 -1.60263e-07 9.31323e-10 -6.4387e-08 0.599327 -0.800504 1.07998 1.81406e-07 0.800504 0.599327 0 0 0 0 1 1 -1.06627e-07 -1.60263e-07 9.31323e-10 -6.4387e-08 0.599327 -0.800504 1.07998 1.81406e-07 0.800504 0.599327 0 0 0 0 1 </float_array>
     <technique_common>
      <accessor source="#unnamed_animation__011-array" count="2" stride="16">
       <param name="TRANSFORM" type="float4x4"/>
      </accessor>
     </technique_common>
    </source>
    <sampler id="unnamed_animation__012">
     <input semantic="INPUT" source="#genericSource8"/>
     <input semantic="OUTPUT" source="#genericSource10"/>
    </sampler>
    <channel source="#unnamed_animation__012" target="Bone_002/SID_2"/>
   </animation>
   <animation id="keyframedAnimations13">
    <source id="genericSource14">
     <float_array id="unnamed_animation__015-array" count="2">0 0.0416666 </float_array>
     <technique_common>
      <accessor source="#unnamed_animation__015-array" count="2" stride="1">
       <param name="TIME" type="float"/>
      </accessor>
     </technique_common>
    </source>
    <source id="genericSource16">
     <float_array id="unnamed_animation__017-array" count="32">1 -6.64206e-09 3.94264e-06 -0.013134 -3.6989e-08 0.999939 0.0110756 0.810092 -3.94342e-06 -0.0110756 0.999939 0.216676 0 0 0 1 1 -6.64206e-09 3.94264e-06 -0.013134 -3.6989e-08 0.999939 0.0110756 0.810092 -3.94342e-06 -0.0110756 0.999939 0.216676 0 0 0 1 </float_array>
     <technique_common>
      <accessor source="#unnamed_animation__017-array" count="2" stride="16">
       <param name="TRANSFORM" type="float4x4"/>
      </accessor>
     </technique_common>
    </source>
    <sampler id="unnamed_animation__018">
     <input semantic="INPUT" source="#genericSource14"/>
     <input semantic="OUTPUT" source="#genericSource16"/>
    </sampler>
    <channel source="#unnamed_animation__018" target="Bone_003/SID_3"/>
   </animation>
   <animation id="keyframedAnimations19">
    <source id="genericSource20">
     <float_array id="unnamed_animation__021-array" count="2">0 0.0416666 </float_array>
     <technique_common>
      <accessor source="#unnamed_animation__021-array" count="2" stride="1">
       <param name="TIME" type="float"/>
      </accessor>
     </technique_common>
    </source>
    <source id="genericSource22">
     <float_array id="unnamed_animation__023-array" count="32">1 -1.14948e-08 8.62093e-07 0.018436 9.58962e-08 0.995194 -0.0979249 0.841985 -8.5777e-07 0.0979249 0.995194 0.471101 0 0 0 1 1 -1.14948e-08 8.62093e-07 0.018436 9.58962e-08 0.995194 -0.0979249 0.841985 -8.5777e-07 0.0979249 0.995194 0.471101 0 0 0 1 </float_array>
     <technique_common>
      <accessor source="#unnamed_animation__023-array" count="2" stride="16">
       <param name="TRANSFORM" type="float4x4"/>
      </accessor>
     </technique_common>
    </source>
    <sampler id="unnamed_animation__024">
     <input semantic="INPUT" source="#genericSource20"/>
     <input semantic="OUTPUT" source="#genericSource22"/>
    </sampler>
    <channel source="#unnamed_animation__024" target="Bone_004/SID_4"/>
   </animation>
   <animation id="keyframedAnimations25">
    <source id="genericSource26">
     <float_array id="unnamed_animation__027-array" count="2">0 0.0416666 </float_array>
     <technique_common>
      <accessor source="#unnamed_animation__027-array" count="2" stride="1">
       <param name="TIME" type="float"/>
      </accessor>
     </technique_common>
    </source>
    <source id="genericSource28">
     <float_array id="unnamed_animation__029-array" count="32">-6.55618e-07 0.281272 -0.959628 0.455879 0.999994 0.00320926 0.000939973 0.476501 0.00334406 -0.959622 -0.28127 -0.666328 0 0 0 1 -6.55618e-07 0.281272 -0.959628 0.455879 0.999994 0.00320926 0.000939973 0.476501 0.00334406 -0.959622 -0.28127 -0.666328 0 0 0 1 </float_array>
     <technique_common>
      <accessor source="#unnamed_animation__029-array" count="2" stride="16">
       <param name="TRANSFORM" type="float4x4"/>
      </accessor>
     </technique_common>
    </source>
    <sampler id="unnamed_animation__030">
     <input semantic="INPUT" source="#genericSource26"/>
     <input semantic="OUTPUT" source="#genericSource28"/>
    </sampler>
    <channel source="#unnamed_animation__030" target="Bone_001_L_001/SID_5"/>
   </animation>
   <animation id="keyframedAnimations31">
    <source id="genericSource32">
     <float_array id="unnamed_animation__033-array" count="2">0 0.0416666 </float_array>
     <technique_common>
      <accessor source="#unnamed_animation__033-array" count="2" stride="1">
       <param name="TIME" type="float"/>
      </accessor>
     </technique_common>
    </source>
    <source id="genericSource34">
     <float_array id="unnamed_animation__035-array" count="32">-5.51376e-07 -0.281272 0.959628 -0.48676 -0.999995 0.00320926 0.000940077 0.476501 -0.00334415 -0.959623 -0.28127 -0.666328 0 0 0 1 -5.51376e-07 -0.281272 0.959628 -0.48676 -0.999995 0.00320926 0.000940077 0.476501 -0.00334415 -0.959623 -0.28127 -0.666328 0 0 0 1 </float_array>
     <technique_common>
      <accessor source="#unnamed_animation__035-array" count="2" stride="16">
       <param name="TRANSFORM" type="float4x4"/>
      </accessor>
     </technique_common>
    </source>
    <sampler id="unnamed_animation__036">
     <input semantic="INPUT" source="#genericSource32"/>
     <input semantic="OUTPUT" source="#genericSource34"/>
    </sampler>
    <channel source="#unnamed_animation__036" target="Bone_001_R_001/SID_6"/>
   </animation>
   <animation id="keyframedAnimations37">
    <source id="genericSource38">
     <float_array id="unnamed_animation__039-array" count="2">0 0.0416666 </float_array>
     <technique_common>
      <accessor source="#unnamed_animation__039-array" count="2" stride="1">
       <param name="TIME" type="float"/>
      </accessor>
     </technique_common>
    </source>
    <source id="genericSource40">
     <float_array id="unnamed_animation__041-array" count="32">1 -1.77636e-15 6.664e-08 0.0154405 -2.08538e-08 0.949776 0.312932 0.305285 -6.32931e-08 -0.312932 0.949776 0.8234 0 0 0 1 1 -1.77636e-15 6.664e-08 0.0154405 -2.08538e-08 0.949776 0.312932 0.305285 -6.32931e-08 -0.312932 0.949776 0.8234 0 0 0 1 </float_array>
     <technique_common>
      <accessor source="#unnamed_animation__041-array" count="2" stride="16">
       <param name="TRANSFORM" type="float4x4"/>
      </accessor>
     </technique_common>
    </source>
    <sampler id="unnamed_animation__042">
     <input semantic="INPUT" source="#genericSource38"/>
     <input semantic="OUTPUT" source="#genericSource40"/>
    </sampler>
    <channel source="#unnamed_animation__042" target="Bone_005/SID_7"/>
   </animation>
   <animation id="keyframedAnimations43">
    <source id="genericSource44">
     <float_array id="unnamed_animation__045-array" count="2">0 0.0416666 </float_array>
     <technique_common>
      <accessor source="#unnamed_animation__045-array" count="2" stride="1">
       <param name="TIME" type="float"/>
      </accessor>
     </technique_common>
    </source>
    <source id="genericSource46">
     <float_array id="unnamed_animation__047-array" count="32">1 -1.4062e-08 5.61472e-08 0 2.55933e-08 0.977483 -0.211015 0.839207 -5.19156e-08 0.211015 0.977483 0 0 0 0 1 1 -1.4062e-08 5.61472e-08 0 2.55933e-08 0.977483 -0.211015 0.839207 -5.19156e-08 0.211015 0.977483 0 0 0 0 1 </float_array>
     <technique_common>
      <accessor source="#unnamed_animation__047-array" count="2" stride="16">
       <param name="TRANSFORM" type="float4x4"/>
      </accessor>
     </technique_common>
    </source>
    <sampler id="unnamed_animation__048">
     <input semantic="INPUT" source="#genericSource44"/>
     <input semantic="OUTPUT" source="#genericSource46"/>
    </sampler>
    <channel source="#unnamed_animation__048" target="Bone_006/SID_8"/>
   </animation>
   <animation id="keyframedAnimations49">
    <source id="genericSource50">
     <float_array id="unnamed_animation__051-array" count="2">0 0.0416666 </float_array>
     <technique_common>
      <accessor source="#unnamed_animation__051-array" count="2" stride="1">
       <param name="TIME" type="float"/>
      </accessor>
     </technique_common>
    </source>
    <source id="genericSource52">
     <float_array id="unnamed_animation__053-array" count="32">0.999399 -0.034641 -0.00107556 9.31323e-10 0.0345612 0.998451 -0.0435928 0.917357 0.00258399 0.0435294 0.999049 5.96046e-08 0 0 0 1 0.999399 -0.034641 -0.00107556 9.31323e-10 0.0345612 0.998451 -0.0435928 0.917357 0.00258399 0.0435294 0.999049 5.96046e-08 0 0 0 1 </float_array>
     <technique_common>
      <accessor source="#unnamed_animation__053-array" count="2" stride="16">
       <param name="TRANSFORM" type="float4x4"/>
      </accessor>
     </technique_common>
    </source>
    <sampler id="unnamed_animation__054">
     <input semantic="INPUT" source="#genericSource50"/>
     <input semantic="OUTPUT" source="#genericSource52"/>
    </sampler>
    <channel source="#unnamed_animation__054" target="Bone_007/SID_9"/>
   </animation>
   <animation id="keyframedAnimations55">
    <source id="genericSource56">
     <float_array id="unnamed_animation__057-array" count="2">0 0.0416666 </float_array>
     <technique_common>
      <accessor source="#unnamed_animation__057-array" count="2" stride="1">
       <param name="TIME" type="float"/>
      </accessor>
     </technique_common>
    </source>
    <source id="genericSource58">
     <float_array id="unnamed_animation__059-array" count="32">0.997912 0.0636173 0.0111254 0 -0.0645782 0.98087 0.183637 0.891456 0.000769959 -0.183973 0.982931 5.96046e-08 0 0 0 1 0.997912 0.0636173 0.0111254 0 -0.0645782 0.98087 0.183637 0.891456 0.000769959 -0.183973 0.982931 5.96046e-08 0 0 0 1 </float_array>
     <technique_common>
      <accessor source="#unnamed_animation__059-array" count="2" stride="16">
       <param name="TRANSFORM" type="float4x4"/>
      </accessor>
     </technique_common>
    </source>
    <sampler id="unnamed_animation__060">
     <input semantic="INPUT" source="#genericSource56"/>
     <input semantic="OUTPUT" source="#genericSource58"/>
    </sampler>
    <channel source="#unnamed_animation__060" target="Bone_008/SID_10"/>
   </animation>
   <animation id="keyframedAnimations61">
    <source id="genericSource62">
     <float_array id="unnamed_animation__063-array" count="2">0 0.0416666 </float_array>
     <technique_common>
      <accessor source="#unnamed_animation__063-array" count="2" stride="1">
       <param name="TIME" type="float"/>
      </accessor>
     </technique_common>
    </source>
    <source id="genericSource64">
     <float_array id="unnamed_animation__065-array" count="32">0.999549 -0.0178154 -0.0241715 7.45058e-09 0.0297986 0.687711 0.725373 1.03632 0.0037002 -0.725766 0.687932 0 0 0 0 1 0.999549 -0.0178154 -0.0241715 7.45058e-09 0.0297986 0.687711 0.725373 1.03632 0.0037002 -0.725766 0.687932 0 0 0 0 1 </float_array>
     <technique_common>
      <accessor source="#unnamed_animation__065-array" count="2" stride="16">
       <param name="TRANSFORM" type="float4x4"/>
      </accessor>
     </technique_common>
    </source>
    <sampler id="unnamed_animation__066">
     <input semantic="INPUT" source="#genericSource62"/>
     <input semantic="OUTPUT" source="#genericSource64"/>
    </sampler>
    <channel source="#unnamed_animation__066" target="Bone_009/SID_11"/>
   </animation>
   <animation id="keyframedAnimations67">
    <source id="genericSource68">
     <float_array id="unnamed_animation__069-array" count="2">0 0.0416666 </float_array>
     <technique_common>
      <accessor source="#unnamed_animation__069-array" count="2" stride="1">
       <param name="TIME" type="float"/>
      </accessor>
     </technique_common>
    </source>
    <source id="genericSource70">
     <float_array id="unnamed_animation__071-array" count="32">1 -3.49994e-08 1.34123e-08 0 3.60114e-08 0.811034 -0.584999 1.01833 9.67906e-09 0.584999 0.811034 -4.76837e-07 0 0 0 1 1 -3.49994e-08 1.34123e-08 0 3.60114e-08 0.811034 -0.584999 1.01833 9.67906e-09 0.584999 0.811034 -4.76837e-07 0 0 0 1 </float_array>
     <technique_common>
      <accessor source="#unnamed_animation__071-array" count="2" stride="16">
       <param name="TRANSFORM" type="float4x4"/>
      </accessor>
     </technique_common>
    </source>
    <sampler id="unnamed_animation__072">
     <input semantic="INPUT" source="#genericSource68"/>
     <input semantic="OUTPUT" source="#genericSource70"/>
    </sampler>
    <channel source="#unnamed_animation__072" target="Bone_010/SID_12"/>
   </animation>
   <animation id="keyframedAnimations73">
    <source id="genericSource74">
     <float_array id="unnamed_animation__075-array" count="2">0 0.0416666 </float_array>
     <technique_common>
      <accessor source="#unnamed_animation__075-array" count="2" stride="1">
       <param name="TIME" type="float"/>
      </accessor>
     </technique_common>
    </source>
    <source id="genericSource76">
     <float_array id="unnamed_animation__077-array" count="32">1 -3.44172e-08 3.8003e-08 0 5.02725e-08 0.814058 -0.580783 1.06255 -1.08602e-08 0.580783 0.814058 0 0 0 0 1 1 -3.44172e-08 3.8003e-08 0 5.02725e-08 0.814058 -0.580783 1.06255 -1.08602e-08 0.580783 0.814058 0 0 0 0 1 </float_array>
     <technique_common>
      <accessor source="#unnamed_animation__077-array" count="2" stride="16">
       <param name="TRANSFORM" type="float4x4"/>
      </accessor>
     </technique_common>
    </source>
    <sampler id="unnamed_animation__078">
     <input semantic="INPUT" source="#genericSource74"/>
     <input semantic="OUTPUT" source="#genericSource76"/>
    </sampler>
    <channel source="#unnamed_animation__078" target="Bone_011/SID_13"/>
   </animation>
   <animation id="keyframedAnimations79">
    <source id="genericSource80">
     <float_array id="unnamed_animation__081-array" count="2">0 0.0416666 </float_array>
     <technique_common>
      <accessor source="#unnamed_animation__081-array" count="2" stride="1">
       <param name="TIME" type="float"/>
      </accessor>
     </technique_common>
    </source>
    <source id="genericSource82">
     <float_array id="unnamed_animation__083-array" count="32">0.999422 -0.0277695 -0.0195998 0 0.0318118 0.561119 0.827124 0.891456 -0.011971 -0.827269 0.561678 5.96046e-08 0 0 0 1 0.999422 -0.0277695 -0.0195998 0 0.0318118 0.561119 0.827124 0.891456 -0.011971 -0.827269 0.561678 5.96046e-08 0 0 0 1 </float_array>
     <technique_common>
      <accessor source="#unnamed_animation__083-array" count="2" stride="16">
       <param name="TRANSFORM" type="float4x4"/>
      </accessor>
     </technique_common>
    </source>
    <sampler id="unnamed_animation__084">
     <input semantic="INPUT" source="#genericSource80"/>
     <input semantic="OUTPUT" source="#genericSource82"/>
    </sampler>
    <channel source="#unnamed_animation__084" target="Bone_012/SID_14"/>
   </animation>
   <animation id="keyframedAnimations85">
    <source id="genericSource86">
     <float_array id="unnamed_animation__087-array" count="2">0 0.0416666 </float_array>
     <technique_common>
      <accessor source="#unnamed_animation__087-array" count="2" stride="1">
       <param name="TIME" type="float"/>
      </accessor>
     </technique_common>
    </source>
    <source id="genericSource88">
     <float_array id="unnamed_animation__089-array" count="32">-0.0501355 0.309873 0.949455 0.0988152 -0.402749 0.863656 -0.303138 0.731458 -0.913936 -0.39759 0.0815013 -0.00483775 0 0 0 1 -0.0501355 0.309873 0.949455 0.0988152 -0.402749 0.863656 -0.303138 0.731458 -0.913936 -0.39759 0.0815013 -0.00483775 0 0 0 1 </float_array>
     <technique_common>
      <accessor source="#unnamed_animation__089-array" count="2" stride="16">
       <param name="TRANSFORM" type="float4x4"/>
      </accessor>
     </technique_common>
    </source>
    <sampler id="unnamed_animation__090">
     <input semantic="INPUT" source="#genericSource86"/>
     <input semantic="OUTPUT" source="#genericSource88"/>
    </sampler>
    <channel source="#unnamed_animation__090" target="Bone_012_L/SID_15"/>
   </animation>
   <animation id="keyframedAnimations91">
    <source id="genericSource92">
     <float_array id="unnamed_animation__093-array" count="2">0 0.0416666 </float_array>
     <technique_common>
      <accessor source="#unnamed_animation__093-array" count="2" stride="1">
       <param name="TIME" type="float"/>
      </accessor>
     </technique_common>
    </source>
    <source id="genericSource94">
     <float_array id="unnamed_animation__095-array" count="32">0.0289025 -0.689059 -0.724128 0 0.337885 0.688524 -0.641692 1.64307 0.940744 -0.226126 0.252723 1.49012e-08 0 0 0 1 0.0289025 -0.689059 -0.724128 0 0.337885 0.688524 -0.641692 1.64307 0.940744 -0.226126 0.252723 1.49012e-08 0 0 0 1 </float_array>
     <technique_common>
      <accessor source="#unnamed_animation__095-array" count="2" stride="16">
       <param name="TRANSFORM" type="float4x4"/>
      </accessor>
     </technique_common>
    </source>
    <sampler id="unnamed_animation__096">
     <input semantic="INPUT" source="#genericSource92"/>
     <input semantic="OUTPUT" source="#genericSource94"/>
    </sampler>
    <channel source="#unnamed_animation__096" target="Bone_012_L_001/SID_16"/>
   </animation>
   <animation id="keyframedAnimations97">
    <source id="genericSource98">
     <float_array id="unnamed_animation__099-array" count="2">0 0.0416666 </float_array>
     <technique_common>
      <accessor source="#unnamed_animation__099-array" count="2" stride="1">
       <param name="TIME" type="float"/>
      </accessor>
     </technique_common>
    </source>
    <source id="genericSource100">
     <float_array id="unnamed_animation__0101-array" count="32">0.999681 0.024969 -0.0038602 5.96046e-08 -0.0114432 0.583669 0.811911 0.846136 0.0225257 -0.811608 0.583768 3.57628e-07 0 0 0 1 0.999681 0.024969 -0.0038602 5.96046e-08 -0.0114432 0.583669 0.811911 0.846136 0.0225257 -0.811608 0.583768 3.57628e-07 0 0 0 1 </float_array>
     <technique_common>
      <accessor source="#unnamed_animation__0101-array" count="2" stride="16">
       <param name="TRANSFORM" type="float4x4"/>
      </accessor>
     </technique_common>
    </source>
    <sampler id="unnamed_animation__0102">
     <input semantic="INPUT" source="#genericSource98"/>
     <input semantic="OUTPUT" source="#genericSource100"/>
    </sampler>
    <channel source="#unnamed_animation__0102" target="Bone_012_L_002/SID_17"/>
   </animation>
   <animation id="keyframedAnimations103">
    <source id="genericSource104">
     <float_array id="unnamed_animation__0105-array" count="2">0 0.0416666 </float_array>
     <technique_common>
      <accessor source="#unnamed_animation__0105-array" count="2" stride="1">
       <param name="TIME" type="float"/>
      </accessor>
     </technique_common>
    </source>
    <source id="genericSource106">
     <float_array id="unnamed_animation__0107-array" count="32">0.988962 0.14731 0.0159242 -5.96046e-08 -0.125332 0.774366 0.620202 0.801406 0.0790308 -0.615352 0.784281 -4.76837e-07 0 0 0 1 0.988962 0.14731 0.0159242 -5.96046e-08 -0.125332 0.774366 0.620202 0.801406 0.0790308 -0.615352 0.784281 -4.76837e-07 0 0 0 1 </float_array>
     <technique_common>
      <accessor source="#unnamed_animation__0107-array" count="2" stride="16">
       <param name="TRANSFORM" type="float4x4"/>
      </accessor>
     </technique_common>
    </source>
    <sampler id="unnamed_animation__0108">
     <input semantic="INPUT" source="#genericSource104"/>
     <input semantic="OUTPUT" source="#genericSource106"/>
    </sampler>
    <channel source="#unnamed_animation__0108" target="Bone_012_L_003/SID_18"/>
   </animation>
   <animation id="keyframedAnimations109">
    <source id="genericSource110">
     <float_array id="unnamed_animation__0111-array" count="2">0 0.0416666 </float_array>
     <technique_common>
      <accessor source="#unnamed_animation__0111-array" count="2" stride="1">
       <param name="TIME" type="float"/>
      </accessor>
     </technique_common>
    </source>
    <source id="genericSource112">
     <float_array id="unnamed_animation__0113-array" count="32">0.0766084 -0.266023 -0.960918 -1.49012e-08 0.401521 0.89038 -0.214485 0.736044 0.91264 -0.369397 0.175024 -2.38419e-07 0 0 0 1 0.0766084 -0.266023 -0.960918 -1.49012e-08 0.401521 0.89038 -0.214485 0.736044 0.91264 -0.369397 0.175024 -2.38419e-07 0 0 0 1 </float_array>
     <technique_common>
      <accessor source="#unnamed_animation__0113-array" count="2" stride="16">
       <param name="TRANSFORM" type="float4x4"/>
      </accessor>
     </technique_common>
    </source>
    <sampler id="unnamed_animation__0114">
     <input semantic="INPUT" source="#genericSource110"/>
     <input semantic="OUTPUT" source="#genericSource112"/>
    </sampler>
    <channel source="#unnamed_animation__0114" target="Bone_012_R/SID_19"/>
   </animation>
   <animation id="keyframedAnimations115">
    <source id="genericSource116">
     <float_array id="unnamed_animation__0117-array" count="2">0 0.0416666 </float_array>
     <technique_common>
      <accessor source="#unnamed_animation__0117-array" count="2" stride="1">
       <param name="TIME" type="float"/>
      </accessor>
     </technique_common>
    </source>
    <source id="genericSource118">
     <float_array id="unnamed_animation__0119-array" count="32">0.0289027 0.689059 0.724128 0 -0.337885 0.688524 -0.641692 1.64307 -0.940744 -0.226126 0.252723 -7.45058e-09 0 0 0 1 0.0289027 0.689059 0.724128 0 -0.337885 0.688524 -0.641692 1.64307 -0.940744 -0.226126 0.252723 -7.45058e-09 0 0 0 1 </float_array>
     <technique_common>
      <accessor source="#unnamed_animation__0119-array" count="2" stride="16">
       <param name="TRANSFORM" type="float4x4"/>
      </accessor>
     </technique_common>
    </source>
    <sampler id="unnamed_animation__0120">
     <input semantic="INPUT" source="#genericSource116"/>
     <input semantic="OUTPUT" source="#genericSource118"/>
    </sampler>
    <channel source="#unnamed_animation__0120" target="Bone_012_R_001/SID_20"/>
   </animation>
   <animation id="keyframedAnimations121">
    <source id="genericSource122">
     <float_array id="unnamed_animation__0123-array" count="2">0 0.0416666 </float_array>
     <technique_common>
      <accessor source="#unnamed_animation__0123-array" count="2" stride="1">
       <param name="TIME" type="float"/>
      </accessor>
     </technique_common>
    </source>
    <source id="genericSource124">
     <float_array id="unnamed_animation__0125-array" count="32">0.999681 -0.024969 0.00386017 0 0.0114432 0.583669 0.811911 0.846136 -0.0225257 -0.811608 0.583768 -4.17233e-07 0 0 0 1 0.999681 -0.024969 0.00386017 0 0.0114432 0.583669 0.811911 0.846136 -0.0225257 -0.811608 0.583768 -4.17233e-07 0 0 0 1 </float_array>
     <technique_common>
      <accessor source="#unnamed_animation__0125-array" count="2" stride="16">
       <param name="TRANSFORM" type="float4x4"/>
      </accessor>
     </technique_common>
    </source>
    <sampler id="unnamed_animation__0126">
     <input semantic="INPUT" source="#genericSource122"/>
     <input semantic="OUTPUT" source="#genericSource124"/>
    </sampler>
    <channel source="#unnamed_animation__0126" target="Bone_012_R_002/SID_21"/>
   </animation>
   <animation id="keyframedAnimations127">
    <source id="genericSource128">
     <float_array id="unnamed_animation__0129-array" count="2">0 0.0416666 </float_array>
     <technique_common>
      <accessor source="#unnamed_animation__0129-array" count="2" stride="1">
       <param name="TIME" type="float"/>
      </accessor>
     </technique_common>
    </source>
    <source id="genericSource130">
     <float_array id="unnamed_animation__0131-array" count="32">0.988962 -0.14731 -0.0159243 5.96046e-08 0.125332 0.774365 0.620201 0.801406 -0.0790308 -0.615352 0.784281 0 0 0 0 1 0.988962 -0.14731 -0.0159243 5.96046e-08 0.125332 0.774365 0.620201 0.801406 -0.0790308 -0.615352 0.784281 0 0 0 0 1 </float_array>
     <technique_common>
      <accessor source="#unnamed_animation__0131-array" count="2" stride="16">
       <param name="TRANSFORM" type="float4x4"/>
      </accessor>
     </technique_common>
    </source>
    <sampler id="unnamed_animation__0132">
     <input semantic="INPUT" source="#genericSource128"/>
     <input semantic="OUTPUT" source="#genericSource130"/>
    </sampler>
    <channel source="#unnamed_animation__0132" target="Bone_012_R_003/SID_22"/>
   </animation>
   <animation id="keyframedAnimations133">
    <source id="genericSource134">
     <float_array id="unnamed_animation__0135-array" count="2">0 0.0416666 </float_array>
     <technique_common>
      <accessor source="#unnamed_animation__0135-array" count="2" stride="1">
       <param name="TIME" type="float"/>
      </accessor>
     </technique_common>
    </source>
    <source id="genericSource136">
     <float_array id="unnamed_animation__0137-array" count="32">1 1.10041e-08 1.57966e-08 0.0154405 -1.10041e-08 -0.346562 0.938027 0.305285 1.57966e-08 -0.938027 -0.346562 0.8234 0 0 0 1 1 1.10041e-08 1.57966e-08 0.0154405 -1.10041e-08 -0.346562 0.938027 0.305285 1.57966e-08 -0.938027 -0.346562 0.8234 0 0 0 1 </float_array>
     <technique_common>
      <accessor source="#unnamed_animation__0137-array" count="2" stride="16">
       <param name="TRANSFORM" type="float4x4"/>
      </accessor>
     </technique_common>
    </source>
    <sampler id="unnamed_animation__0138">
     <input semantic="INPUT" source="#genericSource134"/>
     <input semantic="OUTPUT" source="#genericSource136"/>
    </sampler>
    <channel source="#unnamed_animation__0138" target="Bone_013/SID_23"/>
   </animation>
   <animation id="keyframedAnimations139">
    <source id="genericSource140">
     <float_array id="unnamed_animation__0141-array" count="2">0 0.0416666 </float_array>
     <technique_common>
      <accessor source="#unnamed_animation__0141-array" count="2" stride="1">
       <param name="TIME" type="float"/>
      </accessor>
     </technique_common>
    </source>
    <source id="genericSource142">
     <float_array id="unnamed_animation__0143-array" count="32">0.259505 0.644222 0.719468 9.31323e-10 0.578484 0.492854 -0.649962 0.846344 -0.773313 0.58487 -0.244774 1.49012e-08 0 0 0 1 0.259505 0.644222 0.719468 9.31323e-10 0.578484 0.492854 -0.649962 0.846344 -0.773313 0.58487 -0.244774 1.49012e-08 0 0 0 1 </float_array>
     <technique_common>
      <accessor source="#unnamed_animation__0143-array" count="2" stride="16">
       <param name="TRANSFORM" type="float4x4"/>
      </accessor>
     </technique_common>
    </source>
    <sampler id="unnamed_animation__0144">
     <input semantic="INPUT" source="#genericSource140"/>
     <input semantic="OUTPUT" source="#genericSource142"/>
    </sampler>
    <channel source="#unnamed_animation__0144" target="Bone_L/SID_24"/>
   </animation>
   <animation id="keyframedAnimations145">
    <source id="genericSource146">
     <float_array id="unnamed_animation__0147-array" count="2">0 0.0416666 </float_array>
     <technique_common>
      <accessor source="#unnamed_animation__0147-array" count="2" stride="1">
       <param name="TIME" type="float"/>
      </accessor>
     </technique_common>
    </source>
    <source id="genericSource148">
     <float_array id="unnamed_animation__0149-array" count="32">-0.92301 0.267986 -0.276108 5.4948e-08 0.384438 0.612231 -0.690927 1.00102 -0.0161169 -0.743879 -0.66812 9.68575e-08 0 0 0 1 -0.92301 0.267986 -0.276108 5.4948e-08 0.384438 0.612231 -0.690927 1.00102 -0.0161169 -0.743879 -0.66812 9.68575e-08 0 0 0 1 </float_array>
     <technique_common>
      <accessor source="#unnamed_animation__0149-array" count="2" stride="16">
       <param name="TRANSFORM" type="float4x4"/>
      </accessor>
     </technique_common>
    </source>
    <sampler id="unnamed_animation__0150">
     <input semantic="INPUT" source="#genericSource146"/>
     <input semantic="OUTPUT" source="#genericSource148"/>
    </sampler>
    <channel source="#unnamed_animation__0150" target="Bone_L_001/SID_25"/>
   </animation>
   <animation id="keyframedAnimations151">
    <source id="genericSource152">
     <float_array id="unnamed_animation__0153-array" count="2">0 0.0416666 </float_array>
     <technique_common>
      <accessor source="#unnamed_animation__0153-array" count="2" stride="1">
       <param name="TIME" type="float"/>
      </accessor>
     </technique_common>
    </source>
    <source id="genericSource154">
     <float_array id="unnamed_animation__0155-array" count="32">-0.974833 -0.222799 0.00782894 0 -0.221223 0.9624 -0.157626 1.82765 0.0275843 -0.155391 -0.987468 -5.96046e-08 0 0 0 1 -0.974833 -0.222799 0.00782894 0 -0.221223 0.9624 -0.157626 1.82765 0.0275843 -0.155391 -0.987468 -5.96046e-08 0 0 0 1 </float_array>
     <technique_common>
      <accessor source="#unnamed_animation__0155-array" count="2" stride="16">
       <param name="TRANSFORM" type="float4x4"/>
      </accessor>
     </technique_common>
    </source>
    <sampler id="unnamed_animation__0156">
     <input semantic="INPUT" source="#genericSource152"/>
     <input semantic="OUTPUT" source="#genericSource154"/>
    </sampler>
    <channel source="#unnamed_animation__0156" target="Bone_L_002/SID_26"/>
   </animation>
   <animation id="keyframedAnimations157">
    <source id="genericSource158">
     <float_array id="unnamed_animation__0159-array" count="2">0 0.0416666 </float_array>
     <technique_common>
      <accessor source="#unnamed_animation__0159-array" count="2" stride="1">
       <param name="TIME" type="float"/>
      </accessor>
     </technique_common>
    </source>
    <source id="genericSource160">
     <float_array id="unnamed_animation__0161-array" count="32">-0.0505548 0.758261 -0.649988 0 0.0522048 0.651937 0.756474 0.710989 0.997356 0.00431072 -0.0725434 0 0 0 0 1 -0.0505548 0.758261 -0.649988 0 0.0522048 0.651937 0.756474 0.710989 0.997356 0.00431072 -0.0725434 0 0 0 0 1 </float_array>
     <technique_common>
      <accessor source="#unnamed_animation__0161-array" count="2" stride="16">
       <param name="TRANSFORM" type="float4x4"/>
      </accessor>
     </technique_common>
    </source>
    <sampler id="unnamed_animation__0162">
     <input semantic="INPUT" source="#genericSource158"/>
     <input semantic="OUTPUT" source="#genericSource160"/>
    </sampler>
    <channel source="#unnamed_animation__0162" target="Bone_L_003/SID_27"/>
   </animation>
   <animation id="keyframedAnimations163">
    <source id="genericSource164">
     <float_array id="unnamed_animation__0165-array" count="2">0 0.0416666 </float_array>
     <technique_common>
      <accessor source="#unnamed_animation__0165-array" count="2" stride="1">
       <param name="TIME" type="float"/>
      </accessor>
     </technique_common>
    </source>
    <source id="genericSource166">
     <float_array id="unnamed_animation__0167-array" count="32">0.259505 -0.644222 -0.719468 9.31323e-10 -0.578484 0.492854 -0.649962 0.846344 0.773313 0.58487 -0.244774 1.49012e-08 0 0 0 1 0.259505 -0.644222 -0.719468 9.31323e-10 -0.578484 0.492854 -0.649962 0.846344 0.773313 0.58487 -0.244774 1.49012e-08 0 0 0 1 </float_array>
     <technique_common>
      <accessor source="#unnamed_animation__0167-array" count="2" stride="16">
       <param name="TRANSFORM" type="float4x4"/>
      </accessor>
     </technique_common>
    </source>
    <sampler id="unnamed_animation__0168">
     <input semantic="INPUT" source="#genericSource164"/>
     <input semantic="OUTPUT" source="#genericSource166"/>
    </sampler>
    <channel source="#unnamed_animation__0168" target="Bone_R/SID_28"/>
   </animation>
   <animation id="keyframedAnimations169">
    <source id="genericSource170">
     <float_array id="unnamed_animation__0171-array" count="2">0 0.0416666 </float_array>
     <technique_common>
      <accessor source="#unnamed_animation__0171-array" count="2" stride="1">
       <param name="TIME" type="float"/>
      </accessor>
     </technique_common>
    </source>
    <source id="genericSource172">
     <float_array id="unnamed_animation__0173-array" count="32">-0.92301 -0.267986 0.276108 -1.67638e-08 -0.384438 0.612231 -0.690927 1.00102 0.0161169 -0.743879 -0.66812 1.30385e-08 0 0 0 1 -0.92301 -0.267986 0.276108 -1.67638e-08 -0.384438 0.612231 -0.690927 1.00102 0.0161169 -0.743879 -0.66812 1.30385e-08 0 0 0 1 </float_array>
     <technique_common>
      <accessor source="#unnamed_animation__0173-array" count="2" stride="16">
       <param name="TRANSFORM" type="float4x4"/>
      </accessor>
     </technique_common>
    </source>
    <sampler id="unnamed_animation__0174">
     <input semantic="INPUT" source="#genericSource170"/>
     <input semantic="OUTPUT" source="#genericSource172"/>
    </sampler>
    <channel source="#unnamed_animation__0174" target="Bone_R_001/SID_29"/>
   </animation>
   <animation id="keyframedAnimations175">
    <source id="genericSource176">
     <float_array id="unnamed_animation__0177-array" count="2">0 0.0416666 </float_array>
     <technique_common>
      <accessor source="#unnamed_animation__0177-array" count="2" stride="1">
       <param name="TIME" type="float"/>
      </accessor>
     </technique_common>
    </source>
    <source id="genericSource178">
     <float_array id="unnamed_animation__0179-array" count="32">-0.974833 0.222799 -0.00782894 0 0.221223 0.9624 -0.157626 1.82765 -0.0275843 -0.155391 -0.987468 0 0 0 0 1 -0.974833 0.222799 -0.00782894 0 0.221223 0.9624 -0.157626 1.82765 -0.0275843 -0.155391 -0.987468 0 0 0 0 1 </float_array>
     <technique_common>
      <accessor source="#unnamed_animation__0179-array" count="2" stride="16">
       <param name="TRANSFORM" type="float4x4"/>
      </accessor>
     </technique_common>
    </source>
    <sampler id="unnamed_animation__0180">
     <input semantic="INPUT" source="#genericSource176"/>
     <input semantic="OUTPUT" source="#genericSource178"/>
    </sampler>
    <channel source="#unnamed_animation__0180" target="Bone_R_002/SID_30"/>
   </animation>
   <animation id="keyframedAnimations181">
    <source id="genericSource182">
     <float_array id="unnamed_animation__0183-array" count="2">0 0.0416666 </float_array>
     <technique_common>
      <accessor source="#unnamed_animation__0183-array" count="2" stride="1">
       <param name="TIME" type="float"/>
      </accessor>
     </technique_common>
    </source>
    <source id="genericSource184">
     <float_array id="unnamed_animation__0185-array" count="32">-0.0505548 -0.758261 0.649988 0 -0.0522048 0.651937 0.756474 0.71099 -0.997356 0.00431073 -0.0725434 -2.98023e-08 0 0 0 1 -0.0505548 -0.758261 0.649988 0 -0.0522048 0.651937 0.756474 0.71099 -0.997356 0.00431073 -0.0725434 -2.98023e-08 0 0 0 1 </float_array>
     <technique_common>
      <accessor source="#unnamed_animation__0185-array" count="2" stride="16">
       <param name="TRANSFORM" type="float4x4"/>
      </accessor>
     </technique_common>
    </source>
    <sampler id="unnamed_animation__0186">
     <input semantic="INPUT" source="#genericSource182"/>
     <input semantic="OUTPUT" source="#genericSource184"/>
    </sampler>
    <channel source="#unnamed_animation__0186" target="Bone_R_003/SID_31"/>
   </animation>
  </animation>
 </library_animations>
 <library_cameras>
  <camera id="camera" name="camera">
   <optics>
    <technique_common>
     <perspective>
      <yfov>60</yfov>
      <znear>1</znear>
      <zfar>100</zfar>
     </perspective>
    </technique_common>
   </optics>
  </camera>
 </library_cameras>
 <library_images>
  <image id="image187">
   <init_from>White_wolf-hi-res.jpg</init_from>
  </image>
 </library_images>
 <library_materials>
  <material id="eye-material" name="eye">
   <instance_effect url="#effect_eye-material"/>
  </material>
  <material id="wolf_black-material" name="wolf_black">
   <instance_effect url="#effect_wolf_black-material"/>
  </material>
  <material id="eye3-material" name="eye3">
   <instance_effect url="#effect_eye3-material"/>
  </material>
  <material id="wolf_difuse-material" name="wolf_difuse">
   <instance_effect url="#effect_wolf_difuse-material"/>
  </material>
  <material id="mouth-material" name="mouth">
   <instance_effect url="#effect_mouth-material"/>
  </material>
 </library_materials>
 <library_effects>
  <effect id="effect_eye-material">
   <profile_COMMON>
    <technique sid="common">
     <phong>
      <ambient>
       <color>0 0 0 1</color>
      </ambient>
      <diffuse>
       <color>0.775949 0.8 0.752325 1</color>
      </diffuse>
      <specular>
       <color>0.5 0.5 0.5 1</color>
      </specular>
      <shininess>
       <float>50</float>
      </shininess>
      <transparency>
       <float>1</float>
      </transparency>
      <index_of_refraction>
       <float>1</float>
      </index_of_refraction>
     </phong>
    </technique>
   </profile_COMMON>
   <extra>
    <technique profile="SceneKit">
     <litPerPixel>1</litPerPixel>
     <ambient_diffuse_lock>1</ambient_diffuse_lock>
    </technique>
   </extra>
  </effect>
  <effect id="effect_wolf_black-material">
   <profile_COMMON>
    <technique sid="common">
     <phong>
      <ambient>
       <color>0 0 0 1</color>
      </ambient>
      <diffuse>
       <color>0.00859838 0.00859838 0.00859838 1</color>
      </diffuse>
      <specular>
       <color>0.978261 0.978261 0.978261 1</color>
      </specular>
      <shininess>
       <float>200</float>
      </shininess>
      <transparency>
       <float>1</float>
      </transparency>
      <index_of_refraction>
       <float>1</float>
      </index_of_refraction>
     </phong>
    </technique>
   </profile_COMMON>
   <extra>
    <technique profile="SceneKit">
     <litPerPixel>1</litPerPixel>
